 -179.9999   50.7121
 -177.2222   51.1300
 -173.7500   51.6873
 -172.3611   51.4087
 -170.0000   52.2446
 -166.2500   52.8019
 -161.8056   53.9164
 -158.6111   53.9164
 -155.6944   54.7523
 -153.4722   55.5882
 -150.9722   56.5635
 -147.3611   57.9567
 -145.9722   59.2105
 -143.7500   59.3498
 -142.0833   58.9319
 -140.1389   58.3746
 -137.9167   57.6780
 -136.6667   56.4241
 -135.1389   54.8916
 -135.0000   55.1703
 -133.8889   53.6378
 -133.4722   52.9412
 -131.9444   52.1053
 -130.5556   51.1300
 -129.0278   50.2941
 -128.3333   50.1548
 -127.7778   48.9009
 -126.1111   48.0650
 -125.6944   46.2539
 -125.4167   45.0000
 -125.2778   44.7214
 -125.2778   42.9102
 -125.2778   42.0743
 -125.0000   40.6811
 -125.9722   40.4025
 -125.0000   39.5666
 -124.3056   39.0093
 -122.9167   36.6409
 -121.1111   33.7152
 -120.0000   31.6254
 -118.4722   30.5108
 -116.6667   28.6997
 -113.6111   25.3560
 -111.2500   22.7090
 -109.4444   22.7090
 -109.3056   24.7988
 -107.0833   22.8483
 -106.8056   21.5944
 -106.2500   21.3158
 -106.2500   19.6440
 -103.8889   17.8328
 -100.4167   16.4396
  -98.1944   15.6037
  -95.8333   15.3251
  -93.6111   13.9319
  -90.1389   12.2601
  -89.8611   12.1207
  -88.4722   11.7028
  -87.6389   11.1455
  -86.2500    9.1950
  -84.8611    8.7771
  -82.3611    7.3839
  -80.4167    7.3839
  -79.3056    7.6625
  -78.4722    6.4087
  -78.0556    5.0155
  -80.1389    1.9505
  -81.1111   -0.0000
  -81.2500   -0.1393
  -81.6667   -2.2291
  -81.9444   -4.0402
  -81.8056   -7.1053
  -79.5833  -11.0062
  -77.9167  -14.0712
  -75.2778  -16.3003
  -72.3611  -18.5294
  -71.3889  -20.2012
  -71.6667  -25.6347
  -72.3611  -27.3065
  -72.5000  -28.6997
  -72.9167  -32.7399
  -74.8611  -37.1981
  -75.5556  -41.2384
  -75.9722  -44.8607
  -76.1111  -45.1393
  -75.9722  -46.5325
  -77.0833  -49.1796
  -76.2500  -53.4985
  -74.1667  -55.1703
  -70.8333  -56.5635
  -67.7778  -57.1207
  -65.8333  -55.5882
  -62.7778  -55.1703
  -59.1667  -55.1703
  -57.0833  -55.3096
  -54.7222  -55.3096
  -50.6944  -54.4737
  -47.7778  -53.9164
  -45.0000  -54.1950
  -44.8611  -54.8916
  -43.0556  -54.8916
  -40.1389  -54.7523
  -40.1389  -53.7771
  -41.6667  -52.1053
  -38.7500  -49.5975
  -41.3889  -49.4582
  -45.0000  -49.4582
  -45.1389  -49.5975
  -48.3333  -49.5975
  -50.8333  -49.5975
  -53.6111  -48.9009
  -57.3611  -47.9257
  -57.2222  -45.1393
  -58.4722  -45.1393
  -55.9722  -41.0991
  -53.6111  -37.3375
  -51.6667  -34.4118
  -49.1667  -33.1579
  -49.0278  -31.0681
  -47.2222  -30.6502
  -46.9444  -28.2817
  -45.1389  -25.4954
  -44.8611  -25.7740
  -42.3611  -24.1022
  -41.9444  -24.3808
  -40.1389  -22.7090
  -40.1389  -21.5944
  -39.7222  -19.7833
  -37.9167  -19.5046
  -37.3611  -17.8328
  -38.1944  -17.4149
  -38.6111  -13.3746
  -35.2778   -9.7523
  -34.4444   -7.6625
  -35.0000   -4.7368
  -36.5278   -4.7368
  -39.8611   -2.0898
  -42.3611   -2.0898
  -44.0278   -0.1393
  -44.4444    0.1393
  -44.8611    0.5573
  -45.6944    0.8359
  -47.5000    2.3684
  -48.6111    4.0402
  -49.7222    4.5975
  -50.5556    5.7121
  -52.3611    6.5480
  -52.3611    8.3591
  -54.7222    9.6130
  -55.4167    7.5232
  -57.2222    8.0805
  -59.3056    9.4737
  -57.9167   10.7276
  -57.5000   12.5387
  -57.7778   14.9071
  -58.8889   15.8824
  -60.2778   16.4396
  -60.5556   17.5542
  -62.9167   19.2260
  -64.5833   19.5046
  -67.5000   19.3653
  -67.3611   17.4149
  -64.8611   17.4149
  -64.8611   12.2601
  -67.5000   13.0960
  -70.0000   13.3746
  -72.5000   12.9567
  -73.7500   13.0960
  -77.0833    9.4737
  -78.6111   10.1703
  -79.1667   10.3096
  -81.9444    9.8916
  -83.4722   11.5635
  -82.7778   11.8421
  -80.2778   12.2601
  -80.2778   15.3251
  -81.6667   17.5542
  -87.5000   16.1610
  -87.6389   17.6935
  -87.2222   19.5046
  -86.5278   20.8978
  -86.8056   22.2910
  -87.5000   24.2415
  -90.0000   23.6842
  -90.4167   23.4056
  -92.7778   22.1517
  -92.6389   20.0619
  -93.7500   19.0867
  -94.7222   18.6687
  -96.5278   20.6192
  -96.9444   22.1517
  -96.9444   24.1022
  -96.2500   26.1920
  -95.9722   27.1672
  -91.9444   27.7245
  -90.0000   27.7245
  -89.7222   28.1424
  -87.6389   28.4211
  -85.4167   27.0279
  -84.5833   25.3560
  -83.7500   23.8235
  -84.3056   23.1269
  -85.0000   22.0124
  -84.5833   21.3158
  -83.6111   21.3158
  -80.9722   21.3158
  -79.0278   19.6440
  -76.5278   19.3653
  -75.6944   19.6440
  -75.4167   17.6935
  -72.7778   17.6935
  -68.8889   17.4149
  -68.8889   19.7833
  -68.8889   20.4799
  -71.5278   22.0124
  -74.0278   23.8235
  -76.6667   25.9133
  -76.8056   28.2817
  -76.9444   29.9536
  -77.0833   31.7647
  -75.4167   34.8297
  -74.8611   35.5263
  -74.1667   37.6161
  -71.5278   39.7059
  -67.5000   40.1238
  -65.8333   41.0991
  -65.0000   42.3529
  -60.2778   43.0495
  -55.6944   44.5820
  -54.0278   43.8854
  -50.8333   41.6563
  -48.6111   44.7214
  -48.7500   45.0000
  -47.5000   45.8359
  -46.2500   45.5573
  -45.0000   46.2539
  -44.8611   46.2539
  -43.0556   46.8111
  -43.4722   48.3437
  -44.8611   49.5975
  -45.1389   49.3189
  -45.5556   49.3189
  -46.6667   51.5480
  -48.8889   50.7121
  -51.5278   52.8019
  -53.7500   55.1703
  -56.6667   55.5882
  -59.1667   57.1207
  -60.1389   59.2105
  -60.9722   60.4644
  -60.1389   61.7183
  -60.9722   67.7090
  -64.1667   68.4056
  -64.3056   69.3808
  -65.8333   70.3560
  -68.3333   71.4706
  -70.4167   71.8885
  -72.9167   72.3065
  -75.2778   73.1424
  -78.0556   76.0681
  -74.0278   78.7152
  -71.1111   79.6904
  -67.3611   80.5263
  -66.8056   79.5511
  -72.5000   78.5759
  -72.3611   77.6006
  -70.0000   76.4861
  -67.5000   75.3715
  -64.1667   75.3715
  -62.7778   74.9536
  -60.2778   73.9783
  -58.3333   72.5851
  -56.6667   70.7740
  -55.2778   69.6594
  -54.8611   68.4056
  -54.4444   66.8731
  -53.8889   64.3653
  -51.3889   61.8576
  -48.1944   60.1858
  -45.1389   59.3498
  -44.7222   58.0960
  -42.5000   59.0712
  -40.4167   62.4149
  -38.1944   63.3901
  -35.0000   64.5046
  -31.6667   64.7833
  -28.8889   65.6192
  -25.9722   66.5944
  -25.2778   68.1269
  -22.7778   68.8235
  -20.5556   69.1022
  -18.7500   69.6594
  -18.6111   70.6347
  -16.1111   72.8638
  -13.6111   74.3963
   -9.1667   75.7895
   -5.2778   76.2074
   -3.4722   77.1827
   -3.4722   79.2724
   -3.8889   80.6656
   -8.6111   81.5015
  -11.6667   82.0588
  -14.5833   82.4768
  -16.3889   83.4520
  -22.3611   83.3127
  -23.7500   84.1486
  -17.9167   84.4272
  -13.1944   85.2632
  -13.1944   85.8204
  -19.1667   85.6811
  -26.8056   85.4025
  -35.1389   85.6811
  -37.7778   84.5666
  -42.5000   84.4272
  -44.7222   84.5666
  -45.1389   84.4272
  -50.1389   84.4272
  -55.4167   84.5666
  -62.6389   84.2879
  -70.5556   84.4272
  -78.7500   84.0093
  -85.4167   83.7307
  -89.8611   83.3127
  -90.1389   83.0341
  -93.8889   83.0341
  -99.1667   82.7554
 -104.0278   82.1981
 -104.4444   81.2229
 -108.4722   81.2229
 -115.2778   80.5263
 -117.3611   79.4118
 -123.3333   78.5759
 -126.5278   77.6006
 -128.6111   76.2074
 -130.0000   75.6502
 -130.5556   74.6749
 -130.4167   72.0279
 -134.8611   72.1672
 -135.2778   71.6099
 -139.1667   70.6347
 -142.7778   71.1920
 -145.0000   71.1920
 -146.5278   71.7492
 -148.4722   71.6099
 -150.6944   72.3065
 -154.0278   72.5851
 -159.0278   73.5604
 -151.6667   77.8793
 -154.1667   79.2724
 -154.8611   80.3870
 -160.6944   79.2724
 -163.8889   79.4118
 -170.1389   78.8545
 -168.8889   77.0433
 -171.3889   76.2074
 -174.5833   75.6502
 -176.8056   75.7895
 -177.7778   75.6502
 -179.9999   75.7895
  NaN        NaN
  179.9999   75.0929
  175.0000   76.9040
  170.5556   78.5759
  166.3889   78.9938
  161.1111   79.6904
  155.1389   80.2477
  151.1111   80.5263
  146.6667   80.1084
  143.8889   80.2477
  140.6944   79.6904
  137.9167   79.4118
  135.1389   78.9938
  134.7222   78.7152
  130.0000   78.1579
  126.8056   77.6006
  122.0833   77.7399
  117.3611   77.6006
  113.3333   78.8545
  109.1667   78.8545
  106.8056   80.1084
  103.3333   80.3870
  100.6944   81.3622
   97.0833   81.9195
   94.3056   81.7802
   90.2778   82.0588
   89.8611   82.0588
   84.0278   82.6161
   79.1667   82.8947
   73.6111   82.8947
   69.5833   83.4520
   64.7222   83.5913
   62.0833   82.7554
   57.5000   82.8947
   52.7778   83.1734
   50.4167   83.1734
   45.2778   82.8947
   44.7222   82.7554
   41.1111   82.4768
   32.9167   82.1981
   28.0556   81.7802
   23.4722   81.7802
   18.8889   81.5015
   17.6389   81.9195
   19.0278   82.6161
   16.6667   83.0341
   13.8889   83.0341
   10.0000   82.7554
    6.3889   82.6161
    3.4722   82.1981
    1.3889   82.3375
    0.0000   81.9195
    0.0000   80.5263
    3.1944   79.5511
    6.6667   78.8545
    9.8611   77.6006
   12.6389   76.7647
   15.2778   74.3963
   14.3056   73.2817
   16.1111   71.3313
   16.3889   70.2167
   15.0000   69.6594
   12.3611   68.9628
    9.0278   68.2663
    7.2222   68.4056
    4.8611   68.5449
    1.1111   68.1269
    0.8333   67.1517
    2.3611   65.3406
    1.8056   64.3653
    0.1389   63.8080
   -0.1389   63.1115
   -1.9444   61.9969
   -5.8333   60.6037
   -9.8611   58.7926
   -9.8611   56.8421
  -10.1389   55.7276
  -11.5278   54.4737
  -14.8611   54.1950
  -15.5556   52.2446
  -14.1667   50.2941
  -13.0556   47.9257
  -11.2500   48.0650
   -8.0556   47.6471
   -3.6111   45.1393
   -3.3333   44.7214
   -4.1667   43.8854
   -9.4444   44.0248
  -10.6944   43.7461
  -10.1389   41.3777
  -10.6944   39.1486
  -10.4167   37.4768
  -10.0000   35.6656
   -7.2222   36.0836
   -5.1389   36.0836
   -2.6389   36.3622
   -0.1389   37.4768
    0.1389   37.7554
    2.2222   38.1734
    4.7222   38.7307
    4.7222   39.8452
    2.6389   40.6811
    4.1667   42.3529
    6.9444   42.7709
    8.8889   44.0248
    8.4722   42.7709
    7.3611   39.9845
    7.3611   38.5913
    8.8889   38.5913
   10.2778   38.7307
   10.2778   41.9350
   12.3611   41.2384
   14.8611   39.1486
   13.0556   38.5913
   12.7778   37.7554
   14.8611   36.5015
   15.8333   36.5015
   15.6944   37.7554
   17.2222   37.6161
   17.2222   39.8452
   18.4722   38.5913
   19.4444   37.8947
   21.8056   35.8050
   24.7222   34.4118
   26.3889   34.4118
   27.9167   36.0836
   29.4444   35.6656
   30.6944   35.5263
   31.8056   35.8050
   32.2222   34.6904
   34.1667   32.1827
   33.6111   31.6254
   30.6944   32.3220
   29.1667   31.3467
   26.8056   31.6254
   24.0278   32.7399
   22.7778   32.7399
   21.1111   32.7399
   19.8611   33.7152
   17.9167   34.4118
   15.8333   34.8297
   14.0278   34.8297
   12.5000   36.0836
   10.6944   37.4768
    9.0278   37.4768
    7.0833   37.1981
    4.0278   36.7802
    1.5278   36.7802
    0.1389   36.5015
   -0.2778   35.9443
   -1.9444   35.3870
   -3.8889   35.3870
   -5.5556   35.3870
   -7.7778   34.4118
  -10.6944   32.8793
  -10.8333   30.9288
  -11.6667   28.9783
  -14.7222   26.4706
  -17.2222   24.6594
  -17.7778   20.6192
  -16.9444   18.8080
  -16.9444   16.8576
  -18.0556   14.7678
  -17.5000   11.5635
  -17.7778    9.7523
  -15.9722    9.1950
  -14.7222    8.2198
  -14.4444    7.2446
  -12.9167    7.2446
  -10.5556    5.2941
   -9.4444    4.1796
   -7.0833    4.0402
   -5.2778    4.8762
   -2.6389    4.5975
   -1.2500    4.4582
         0    5.1548
    0.2778    5.2941
    3.0556    5.8514
    2.7778    4.5975
    4.5833    3.2043
    6.1111    2.5077
    7.7778    3.6223
    8.3333    3.6223
    8.8889    2.5077
    7.6389    0.1393
    8.4722   -0.2786
    8.1944   -1.8111
    9.5833   -3.6223
   11.2500   -5.4334
   11.1111   -6.6873
   11.9444   -7.5232
   12.5000   -8.9164
   12.9167  -11.2848
   11.5278  -14.9071
   10.9722  -16.4396
   10.9722  -20.4799
   12.6389  -22.0124
   13.1944  -23.9628
   13.4722  -26.1920
   14.5833  -27.4458
   14.1667  -29.9536
   15.6944  -31.0681
   17.2222  -34.2724
   19.8611  -36.9195
   22.2222  -36.9195
   23.7500  -35.1084
   26.3889  -34.6904
   29.4444  -32.3220
   31.6667  -30.0929
   32.7778  -28.8390
   33.3333  -25.7740
   35.5556  -25.0774
   35.6944  -21.3158
   37.3611  -18.6687
   39.3056  -17.2755
   41.1111  -15.7430
   42.6389  -17.2755
   43.3333  -18.9474
   43.3333  -20.3406
   42.6389  -21.7337
   42.7778  -23.8235
   44.5833  -26.7492
   45.1389  -26.8885
   47.2222  -25.2167
   47.7778  -23.2663
   49.5833  -18.5294
   50.4167  -16.3003
   50.4167  -13.6533
   49.8611  -11.2848
   48.4722  -11.2848
   47.3611  -13.2353
   45.0000  -15.3251
   44.5833  -15.4644
   44.0278  -15.3251
   42.5000  -16.4396
   41.2500  -14.6285
   40.9722  -13.6533
   41.2500  -11.7028
   40.9722  -10.1703
   39.8611   -9.1950
   40.4167   -6.8266
   41.2500   -5.4334
   41.1111   -2.7864
   43.1944   -0.2786
   43.1944    0.2786
   44.7222    1.5325
   45.2778    1.3932
   48.4722    4.3189
   50.6944    7.6625
   52.2222    9.4737
   51.5278   12.1207
   48.7500   11.8421
   45.1389   11.1455
   44.8611   10.7276
   44.3056   10.7276
   43.6111   11.4241
   44.8611   12.1207
   45.0000   12.6780
   48.3333   13.7926
   51.1111   15.0464
   52.6389   15.7430
   55.4167   16.7183
   57.6389   17.5542
   59.7222   21.0372
   59.8611   22.8483
   56.9444   24.3808
   64.7222   24.7988
   65.4167   23.6842
   67.9167   21.8731
   69.3056   20.3406
   69.8611   18.8080
   71.2500   17.1362
   72.5000   16.0217
   74.5833   11.5635
   75.6944    9.7523
   75.8333    8.3591
   77.0833    6.6873
   77.6389    7.3839
   78.6111    8.4985
   79.3056    8.4985
   79.1667    6.1300
   80.8333    5.7121
   82.2222    6.5480
   82.3611    7.6625
   80.6944   10.3096
   80.4167   15.3251
   85.5556   18.6687
   87.9167   20.2012
   89.7222   20.2012
   90.2778   19.9226
   91.6667   19.9226
   93.6111   17.6935
   93.6111   16.4396
   92.0833   13.9319
   91.6667   11.8421
   91.3889   10.3096
   91.8056    7.9412
   92.6389    5.8514
   93.1944    3.0650
   95.6944    1.3932
   96.9444    0.2786
   96.9444   -0.1393
   99.1667   -3.4830
  102.9167   -7.5232
  104.0278   -8.3591
  104.1667   -6.8266
  107.2222   -7.8019
  110.4167   -8.6378
  113.3333   -9.1950
  115.9722   -9.6130
  118.1944  -10.3096
  120.8333  -12.2601
  119.4444  -12.3994
  118.1944  -16.3003
  117.3611  -16.7183
  112.0833  -16.0217
  112.3611  -16.8576
  112.2222  -17.8328
  110.6944  -19.6440
  110.6944  -20.7585
  112.3611  -21.5944
  111.5278  -22.7090
  110.0000  -23.6842
  109.8611  -25.9133
  110.2778  -27.1672
  112.3611  -29.2570
  113.7500  -30.3715
  113.3333  -32.4613
  112.7778  -32.8793
  113.3333  -35.1084
  115.2778  -35.6656
  117.7778  -35.6656
  120.4167  -35.2477
  122.9167  -35.1084
  125.1389  -34.1331
  126.1111  -33.5759
  126.2500  -33.7152
  128.7500  -33.9938
  130.1389  -35.5263
  134.7222  -36.0836
  135.2778  -35.8050
  136.3889  -37.0588
  139.4444  -38.3127
  142.0833  -39.1486
  143.3333  -40.4025
  144.5833  -42.6316
  145.6944  -44.0248
  147.6389  -44.0248
  148.8889  -42.3529
  148.8889  -39.0093
  150.2778  -38.4520
  150.5556  -37.1981
  150.6944  -35.9443
  153.3333  -32.6006
  153.6111  -31.6254
  153.6111  -30.7895
  154.7222  -28.4211
  153.4722  -24.1022
  154.3056  -23.9628
  154.7222  -22.5697
  152.5000  -19.0867
  152.5000  -15.8824
  146.9444  -13.7926
  146.6667  -11.7028
  150.4167  -11.2848
  153.1944  -11.7028
  154.3056  -13.2353
  154.8611  -14.2105
  157.0833  -15.6037
  156.6667  -20.4799
  157.3611  -25.4954
  158.7500  -26.8885
  158.8889  -29.3963
  159.7222  -34.2724
  163.8889  -37.6161
  163.1944  -40.4025
  165.8333  -40.8204
  167.2222  -44.0248
  166.2500  -44.7214
  166.3889  -45.4180
  164.1667  -47.3684
  162.6389  -50.0155
  162.9167  -51.2693
  165.0000  -51.5480
  163.4722  -55.3096
  166.5278  -56.2848
  172.2222  -54.4737
  174.1667  -53.4985
  175.8333  -50.7121
  179.8611  -50.4334
  178.8889  -42.7709
  175.0000  -42.3529
  178.6111  -40.5418
  179.0278  -37.4768
  176.9444  -36.7802
  176.8056  -33.4365
  174.0278  -33.1579
  174.1667  -27.8638
  173.6111  -26.6099
  171.1111  -26.1920
  170.1389  -24.5201
  169.1667  -22.4303
  166.5278  -20.2012
  164.4444  -17.8328
  162.7778   -7.9412
  159.3056   -6.9659
  157.3611   -5.5728
  155.8333   -5.5728
  153.4722   -1.5325
  149.0278   -0.5573
  144.0278   -0.5573
  141.5278   -1.9505
  135.5556   -0.1393
  134.5833    0.1393
  131.8056    0.1393
  131.1111    0.9752
  130.5556    1.3932
  129.0278    1.2539
  129.4444    2.2291
  128.7500    3.3437
  127.7778    4.7368
  125.2778    4.4582
  125.1389    2.3684
  124.1667    1.6718
  122.5000    1.6718
  120.6944    1.6718
  119.5833    1.6718
  118.6111    2.3684
  118.4722    3.3437
  119.1667    4.4582
  119.7222    6.1300
  119.3056    5.9907
  118.3333    6.9659
  115.4167    6.8266
  114.3056    6.1300
  113.6111    5.2941
  112.7778    5.2941
  112.3611    6.4087
  111.2500    5.8514
  110.5556    5.7121
  109.4444    6.4087
  108.8889    8.3591
  109.1667    9.8916
  110.1389   11.0062
  110.1389   12.3994
  109.7222   14.4892
  109.8611   16.0217
  111.1111   18.3901
  114.3056   19.0867
  116.6667   20.7585
  119.4444   22.2910
  120.0000   20.4799
  119.3056   18.8080
  119.3056   17.6935
  119.3056   16.0217
  119.1667   13.5139
  120.0000   13.0960
  118.7500   12.1207
  116.3889    8.9164
  118.3333    7.8019
  118.3333    8.9164
  120.5556   10.0310
  121.8056   10.1703
  121.8056    9.0557
  122.2222    7.6625
  122.0833    6.6873
  123.0556    7.1053
  123.8889    6.4087
  125.1389    5.9907
  127.0833    6.8266
  126.6667    9.6130
  126.2500   11.7028
  125.4167   13.6533
  124.1667   15.3251
  122.2222   15.8824
  122.5000   18.6687
  122.5000   19.3653
  121.9444   21.1765
  121.6667   23.4056
  123.3333   23.4056
  126.2500   23.9628
  128.7500   25.4954
  130.1389   27.5851
  131.6667   30.0929
  133.3333   31.7647
  134.5833   32.7399
  135.2778   32.8793
  138.6111   33.5759
  138.6111   29.5356
  140.1389   24.7988
  142.0833   21.5944
  142.5000   17.5542
  141.5278   13.7926
  139.7222   11.1455
  142.5000   11.1455
  146.2500   12.9567
  147.5000   16.1610
  147.3611   20.2012
  143.4722   24.1022
  141.9444   34.1331
  142.7778   37.7554
  144.1667   41.3777
  151.9444   44.5820
  151.2500   45.1393
  155.1389   47.5077
  159.1667   50.0155
  163.4722   54.8916
  169.7222   52.5232
  177.6389   50.7121
  179.9999   50.7121
  NaN        NaN
 -179.7222  -69.7988
 -178.1944  -70.3560
 -175.4167  -71.3313
 -173.8889  -71.3313
 -173.6111  -72.7245
 -175.2778  -73.0031
 -175.8333  -74.9536
 -172.5000  -75.3715
 -170.5556  -74.9536
 -168.6111  -74.9536
 -165.8333  -75.6502
 -162.6389  -75.6502
 -159.8611  -76.0681
 -156.3889  -76.0681
 -153.6111  -75.9288
 -150.1389  -75.3715
 -146.6667  -75.2322
 -143.1944  -74.1176
 -140.0000  -73.4211
 -138.6111  -72.8638
 -135.1389  -72.5851
 -134.8611  -72.3065
 -132.3611  -72.1672
 -129.7222  -71.1920
 -127.9167  -70.9133
 -125.4167  -71.0526
 -121.6667  -70.7740
 -117.6389  -70.4954
 -114.4444  -70.4954
 -110.6944  -70.4954
 -106.1111  -70.4954
 -101.8056  -70.7740
  -97.0833  -70.2167
  -94.3056  -69.9381
  -90.2778  -70.3560
  -89.5833  -69.9381
  -87.3611  -68.6842
  -85.4167  -68.6842
  -84.3056  -69.5201
  -82.2222  -69.2415
  -79.4444  -68.8235
  -77.0833  -68.5449
  -73.7500  -67.1517
  -70.0000  -65.6192
  -67.2222  -64.0867
  -64.8611  -62.9721
  -60.5556  -61.4396
  -57.0833  -61.1610
  -53.3333  -60.6037
  -49.4444  -60.1858
  -49.5833  -61.0217
  -53.7500  -62.1362
  -51.6667  -62.6935
  -51.9444  -64.0867
  -54.1667  -63.9474
  -54.1667  -65.6192
  -54.7222  -66.5944
  -55.4167  -69.1022
  -55.8333  -70.7740
  -52.6389  -71.7492
  -50.0000  -70.4954
  -48.8889  -72.0279
  -45.1389  -72.4458
  -45.0000  -71.6099
  -43.1944  -72.4458
  -40.1389  -72.8638
  -36.6667  -73.4211
  -32.5000  -73.8390
  -28.8889  -74.2570
  -25.1389  -73.9783
  -20.2778  -72.4458
  -18.6111  -71.3313
  -15.1389  -70.3560
  -10.5556  -69.3808
   -7.6389  -68.6842
   -5.2778  -68.1269
   -3.7500  -68.5449
   -0.1389  -68.9628
   0.2778  -69.1022
    3.4722  -68.9628
    7.2222  -68.9628
    9.4444  -68.9628
    9.4444  -66.7337
   11.5278  -65.6192
   15.9722  -65.0619
   15.9722  -66.3158
   13.0556  -67.2910
   13.1944  -68.6842
   18.1944  -68.8235
   22.3611  -68.4056
   25.5556  -68.5449
   29.5833  -68.5449
   31.2500  -67.5697
   32.0833  -66.0372
   32.0833  -65.3406
   33.0556  -63.9474
   35.4167  -65.2012
   34.7222  -67.2910
   37.6389  -67.5697
   40.0000  -66.8731
   41.9444  -65.7585
   44.8611  -65.3406
   45.2778  -64.7833
   46.5278  -64.9226
   48.0556  -63.9474
   50.6944  -63.9474
   54.4444  -63.8080
   57.5000  -65.2012
   60.2778  -65.6192
   63.3333  -66.3158
   65.4167  -65.2012
   70.2778  -64.6440
   69.7222  -66.3158
   74.5833  -66.4551
   78.6111  -65.7585
   82.2222  -65.6192
   86.8056  -65.4799
   89.7222  -65.2012
   90.2778  -64.6440
   92.9167  -64.5046
   93.3333  -63.2508
   96.3889  -62.8328
   99.8611  -62.4149
  102.3611  -62.4149
  104.4444  -64.3653
  107.0833  -63.5294
  109.8611  -63.5294
  112.5000  -63.5294
  115.8333  -63.5294
  117.6389  -64.3653
  121.3889  -64.2260
  126.1111  -63.9474
  129.3056  -64.0867
  134.7222  -64.2260
  134.8611  -64.2260
  139.0278  -64.3653
  144.3056  -65.2012
  147.7778  -65.3406
  152.6389  -65.4799
  156.1111  -66.7337
  159.8611  -68.4056
  166.6667  -70.0774
  172.6389  -71.1920
  177.2222  -71.1920
  179.8611  -70.6347
